30076568390356505649144861836855876619947521806849043037708443806660598905160
46915317660163025220609812939092396071733976425407303161372451967818656610930
28437820169357569203050644622120076451313357990397309439930250129063589233849
19703035362545849638865958192889087871931068299746873138215542676382917338089
16702959321799467262827405884188329469725236136875569310467016361544911242094
113203236357965945388585556201728795845409687309754425825421093565551618146930
71381612257126492125133843704064079451511265819575941749909504351671287183887
111603764641490837822667756788825725367103708686859253535734301567632095832035
3517492677986769837847376437509789013763965439462893547121796803732618317373
65154331697253915553795790190278252723836990823755715878528850197815328050653
17223506835167460956297321012738483075302371633230992248857152246611886109417
40317123174055189654879882707470665124775698384885309769644879197620646485286
79158939517807294089305338227207824190046947483030508461373891426415561454880
65869819165565486076464863554480848275939658997406578222087895148232438654358
76535022390170484282378671739534339678410905598809694832360587249746607941720
16314504256773320209704716093205473127626914578623739528015178903582847111921
101013867893891623928355475320963107531779210024377923447373895101764493568915
13812058600032082310498115707457957976237880177020387845210391236811935221627
48549934686079349266597393796847261765761976989295791308800880641019939354250
61041498023906063551114069294398441402276485311001621079229288153540827018910
28310385630247768788562477983371716778477849455344489541157831528316202889368
2383903211445278702099906707697196591443885193850336463481380601279008565636
102605682539614033193937394096012834493463566775928215835804344150203580768684
56196646051225874262681262384468510519572760196786662891477481986201720589989
40350682101843213824082186816876972494385356149052728623904928832634028639686
221145717874413453346915674429795148031077539390344094531478311226042878119
22008528757692727549818902817154467674376887469334925290143223269220070562231
202793384184439442175744496411294907358324451938308114735072010615748402899
51871841742265017825425971666362911402140935629397726144811561566595915568600
53871404414736355377685328085346899035463840802839349101645004789204976562299
26195380060922883353440620731145463110913762274978364760588002038764138878312
24066955225098163911532914261178259980196561745787962800421602744218713960570
17854080525253518779549593979665486718521544152879102037958261950303146461343
15911038184549895109169544217465968095924362808913331259879842010016308491205
7080591887306542516530817645742243315874178397416978832160813990695190150198
102435060119579782061647285928533176569470168673584832714816040311125631561093
7848406965534174419090782759852709096494212916098299480120990860626365143395
68332980945803565474552719661118826547049593780219063045516796169224443072603
54491737956067319472731035728354678608724250419561253019285618595703216020478
77683500778148542536311648247539934007113786575898836033374041968526291661825
76395280739759149115781402392156578274227182900134075647287554974877869574057
103657588686723483899563153855376323234389368331043004951203054295280161951416
113813167051254625776420038429051190102767457820536242463452553572206715018104
104972259792122937065748193691023550826041259664278331361666926919487599311811
36403466212820620780033749623638978428571766718583633682929211932330478176336
45933751809200172198822980460992504702187237210490663177153024292095389320752
64727455947139554765533838388715645424309990639933390078434788143730947144260
16742398100783298482442677561429003657760173117628639058856404742528141312680
33635443639890418267627344726809977595759951135850119946916640549699936100623
59159939698491972371063427765283150219810805074031456018563740560210427281458
36389305794311372602637541541080509034623661916585822017826865242570703721141
44459555187471845462259121822917666496030583107581573222872322992751860912624
22380607512712277152515766734675011324381288848701999318559675807675064476783
6032038317159012170324051041617810675297043925291164509041112413132354914912
49901848073622933451839556539101211529967460667382675673368114659993313403112
13538266789263118839028775786606191232889560864447843650885989144528263555117
32621192265998744331761232057434133138037577351186144862886945557043933034747
51976464199815609159156250276416918933856482122846597423764407430540320373302
12561409344240732576256288377690592904255159273357642780741117104619222437767
64121011129974421507619028868321994578167934568852022503625906442324355995432
14069468792336146003858666333393216861533582432866702307072107378842224487960
27663487081696509996848079588344769796523799854754880973381194116961076337719
78062661522675689485547353282245148216827937750432642903643510721826477908516
114055385953382470446743780127579262376626397393045926110407487719405899504242
101368166850130081245529149883592485669547906270866310592470213266423732798079
111550645501332658006279725524791054399624116168754462916250811347274851334468
46870157160254758671747589622091647425972039713991542072809086861967561750920
15609630446540295721477237424798118138307652355089947678214226643539877816827
44191630481399575592926346006804098886851012682622676438279753938536776268498
31885431966210158168787481327893827957932458056494637863197229102586108392105
10993694536562160005956487926834353773028082403004460324212848367483044735543
42584952038322042410355679462811968244525102889655420446719636523567378032881
76504890113517237345099761904410369037218616190994517909771208413430538437385
46016519684078381821467348565440192907631165773642822057522659836369222019383
16477932365841081014442168132332631277282991421966569582196115970069913338707
21756744943338191701855493981990758959382392012064791718566194329736869313556
113228097049686696417174693031647492119804364934296454128524845909645612103828
11008649662776230737261287130041156119902893727833120803145004154934584771548
7973527493572135769495076806273859948596285792165802050741417119328980510097
79426186908447330531582729355470341466123768125272564628646108126381507453144
23786013765048648533162758257835904189557202603460741407004901305364464269493
67379844588986212058333194298588537262203910810935212772007422276345919268255
58614459241419235485325650801160613427131972869264656748286351447915778420552
11747604150680263809731179200228222729444555626883725948897855147376427386405
48437411359751653867754525243836115945318943915919654296131106157682863242121
14948481696966904052163496117107793111646376334365786515331991801589213924149
79503142446454000349030540777029451791944754216403872807120304510801522011605
111192778294319603243512367665592146978299757193593924894415341291126469117206
101410564995395214945546878320557285384859330218388145649337067077151324330872
38659840948267829330204348801162438470014077308308717292144555288181729711665
26260742591962759448976278165184644724567191395428373936694857716942134287285
4332572725251224879371899600451545822166141487463397357405632735699997823035
34078227049143714118507753584556355703146007654754866321768735432358047039465
64638341571442930246034819410357628912415715468238964426968999092110044343167
12150000068073232483175822584746753824845707658274541615099709230219298976376
77309205945229472019759243564323959447966092815782633431682155061157371451866
70389480870035945999267806913854035204483249515373847271940943166439041364800
113220620773765406288121137324826348535509176130814734027077349934193754705047
42726118759551057351726007098276475408679067577896798187083174693577627931916
71060782808864635688549103050290375965049358265794707119358074373595838955101
80921845149169388081211039286071172164980997606446857906342367627677980168624
97753807232750676920219996095958733912011039216840793617957096887433286092572
99456333907927642818273154253670298888815213718745615400061492428767993796871
99404433533639509997056326125561217795408093590004815330843420681835017497796
91661748260961066410167172070504178980374309392002128825493177762609409259120
8388822281657052869528594497625626883860782366271483775966532887799781877767
81845160942933752506848958150625248387343362998314669319766145427682526416715
94147800706559916716859785862033999692982267491324764341467163333075198094753
97640516418986052342665751333975229530695184879422062057120598926353523277206
89156820720442996149998604565053503417992407773881178131826914042901803348903
88677052895765841151287129511452897540308919194547482668182848521379643897465
9960965841863515607274247830632524324672616029722955630570883474689993670267
96291111913239795801386445508453759306418494004207318999625480139485562865145
93754013927035151879028442838240682784500345053223748358383868431297523133039
9279026194708561271901890451315593245649100792921191268399182152775554745755
98676810465780890180034592570301849694698469570622297153045614228682687188806
96673808251679653447425859560846444441233562956353739255213638112469705366945
8470328007931678631768562281169429954341695435715003329946110005966991144621
83340066192998756468356370669917220922372061704546849580684717584977220297580
89621232432833347461788327511737673936821768164982775426626074811429520704661
80932639402308005777872875384643097585579284682256751846425261659374707393713
82583111921574507884995705426704663294315420131402468759619081696219751490909
96969182511827901803195522865813265584222807492522122204495971727871395481039
95234052886373824428172129838793514658031946352002363580212342915424076958759
80305335240625747103569860999529253575415244101824956784297122304513488049103
91315146669404220346175828262274816545951773448318485772863248455186901203989
88759681560352162056184289072455285420790306598254466467393884690515692754483
83001457532369002287860295939237724906261197483067374667664830800997600781270
88410856019723061221100502109808831034912272129239976846916289919895642983054
8007003165993158534937454727122278551898353474076000524296616574487645060666
9696105772299399402867751930834987346598395616580019955631468326374926275688
89071458292167673616646872585525825851468621993115956307230673858089163259909
9947836555536590848753257228997510485891467829442336187322019638815668966946
88279009914119906751863095504785777920455395879068082502857165456825335134232
87307045670079934912249520591552008497039941351402685891653209704800548713219
98632928689436853059243685034311105621668058020530835754071388572152116351708
95276937376446240597790875316032014522042980424195415631645531618496749288810
95539620532642842442521375202145257808125075494182997930773232220724814057137
90165119386344049686534747275987884812454318815201881691706075909585587951057
91508308063032438853140982682820498609106845524859436065212951633046347554843
94891902777176510476592486370610636666010767898144111039170928038030201402819
97908518908109906324051385358591368147901610661986593534065111201002142699564
93074512099368474778062908406580746992531897877091534374638392186477815357876
99881506399199193859290064274699687425741720283187315825823156368637124945693
92115919879552097036000115341922163382319356599477138412120808884271492684052
87690214356792467344476050410639148518349761253967043668895958369970896769110
9950455747043838911859729701581793343151588398271675167978752404053191152846
92456949687369135534906463623550854360471151777448489481717321894569004744246
89519136377599974166362842150985711369994506997569997455049618923377646547395
93227061322442228161100181290710697102581482019852211476558176278773447098747
8061178979493273451698949310977615506709253902258359865173210822274636531075
97965975284240175475798359024894439650622318841672393506053222885659765645405
91819804086292470273156265753363061804764831708223230728665324517975117372179
90262991392718363336372173280689524663969343093071728593788271692781865672710
93585859998557277490884663826141623835829364782970781413862749105608319687666
90108315879544040286208678395894768972229457493663936831638373357258699645391
89937869989766745487759773430727495370618529003113214988499254548923222349563
96305482690890158014043863450273198403074810118584267516041275676425455276075
8401416168964542769298770899653180828733305152906177319861355464971143166641
97970803154629868019856230907062653761670772073587142979109992943814368688211
88052531169907457059835979242552808897731811646921644111775213993840909556146
82647457928304641982419645220750807217257017124268476392903326557495333482411
92945325376185407722921408449705429244511998711686105265569445564630941146623
88162311731902598258118783134073165738220490274305573911115143725012953435103
85148652686738403340854284149777072811087509784187755278791416565253546348050
83641527159889994726528370035036442610454692742602762663346023926522185683823
88442127536985340681147464999470927385597144907310822938722084892309552423010
82410062629432123470188823635845666892534256606281470415382499874856891450094
80291833851298899528308192692933750035025267695062173914894248249159309224108
88963546851841204881706708157950204494071147551575002635325210607534327131313
82173147026537750458694709733001794926534147101306430777123689429948397314219
96589168719070869054727311445520640233755991505387795827341031847967616072830
82666674446490300084341790466388691182148805804632359342114560724819017354628
87578664173849507387165825001045243842990200570005711297452737338918044112090
9313246002476286927632751067780885420101674120813279117386859975059034312175
98214748588714934504969750114157234324260585568653200538623267478504409906538
96420770525883965588115302647074393127113069199465854457865175825432532273782
91408751180102377203288398967074644454528949105160508969845755010500397066297
97077129136887902781379499428776840112767602314757958555094415507687727818620
98661384376093623742133164529655978703232474212994828583772240172884961318224
90240595617726246353228150726158268178528581246773866933937691804040052451735
9165613830430132485192831704967410945950818710968924664785671821905777779729
83970547865529828732868432136839444323939777833017673648760812529023777952255
98588425214449083950954731319056522632062058553089169524095331157586512379857
90622545888698162001041632761964453458544476837938158113598535492897614013345
97875692662664487082094553039445015916509862208954462062823508339402320921487
94606771848830216636391881302824766386995021347867554688222294735601000009244
91555365078475956923454364614253622465316706948067002488614257896128987937631
95541659779890970976495843376636878073617718735938939282310668522262127165925
81819808631810866707427360660680625058333585319415424880521765153078524126741
99678775142441419370880639269160747786975010187525745410930982157395224296982
90777987672451472482508803283204021689858207054147030380605867072724787226627
97596382370414727030718479462360060003603665020952895990141511209125133067124
95817660888459029687199895682806604990717067316832292798726544393177426463674
94292789130748992632373229853139446316386260577442038058286688333033658737590
82708016682625400175344091570213068364013068060154062774326929364924044874664
95245104012677473304536368956673956213523325886262688975058363531002613711997
87645797226861502644459981889305630872537511298157983490590645051790116010090
95962544214165262105119628521677743617803745334660465937564584043915491687948
97851502069955010899452866716838370927983121963471869799907723712342691545857
87217733634468502965246203630927777626650979922102183771125537227391194747035
84828480348919355888929862410247161728452110469038687146869477093413304455916
94337830172389315054578013529808012304641299505917273907338926005123466977070
8084804708816583169076284109909289197888354607900371462481236229596731346578
86282576695313459643612847899011619607366916294652019546551381921282479428219
9524191384771546327790076930975095351114643449087585667322279636392478716528
88136170675527964718104025011580548230508448130215333746864615881691046205973
89478348028903314660564282783406920037147504899267218980342604876521759012044
97933711488534114822639692086684023797552633661699982590752858854806435639533
95329711887010173652822152886664793834974074906994465590550157405691858415562
94673778977060738102451776239842607841358843791983211800467836164303242730232
81018556382714158243214270448900158560357500920283568350123872970889685330845
87520334587344028870220074108064257850335363803787693290245442108499789324796
97745637312769323264055421560069896001887385753107413437911220465399567044604
90481719211381440052764701463820443870590909668154097797222832345903127992173
86645003832188846205322462508230289070288596597480843037800614263193945313925
87198517260418676050958726291678207677096449909770883300347172657410495594985
84504584569509678054702688897333113809116629049769422208344506415122289061864
94856250002091523750513357255566769278928674772136572685775273659248539919275
99152714395662166326695227223385822350578762033408824056192047043175784875748
886223489263452844660183845162580795481950213510108694709649523175043639675
80474884299607032784782121723246867558427206412260427140663978892400601075680
82042110425940004359635009574567807361610757756392187897545701220199622996641
89631503254961900943606085761880830815520574079239489095400038082878715891632
89593622964301338385705992966365518380264321422531183240118290836453789558986
8524009545394664460331493916497444002930375868844958751865150080009750851867
84035441749653592746698268873362752254958254755152304524931966888226203714695
86507574007141452524743764461738436831916051956168191060622354302744123483590
80145258028068185145689537364384982762831710307913621289179237104412711295353
95151297879120092059283816286156508978587036965957634064599543840679549955252
84990157807379752441417206051832226586321016241015861710849492063364674779434
8952467038312791432362571204421680397653680268629169278122090679351998036183
80426477676716811452614118983372426194148537363866626581037498470450903296677
87552370601396259575234544096816928505031687775762997071914758330306945448120
99647881626033099128392990718322977515104184280210183193577165872528315923210
93866792523571943891532605576507117377646571275944515495701159054671521097978
85737409242157934041604560806706926610603846883315533954867795623115963698179
85409121944591417061003195850708403516010279027525452101236732565777414420950
81285494993071587842949007232913490274212058397628044593318708275511617828381
88512069070998606085554832102595253290283205196934775323343174625983785582266
99584214202237994926016267270096716012404543951430766450263605872651826556180
90735115971825222685438215060283101332963895395198180374542253899685643587791
91596967359033650397105689766722606236090135213435987291180459437409806041286
91939957062189621848373380843911012640136702780589476538735854812183479588498
82814767221554109266992383140560366770983269867554433560584682883673037622181
91331836785927754062509416537750036967176676663741327894202783536220556109553
83684728732292628850844730487942280192345513904006068019819587285452092698346
8739265898347495210289464608441800651875180338725553497196467622153219389496
92594931888693089260015110617173432754667569558421702921368617016222327491416
87983858415008480612944582438082954266938934355496349992586683233825844808430
80261656677993052086442944293542642447977886790426900304682206333734533525963
86862791888168886968438469970075170861174579175509016205616176247107164270861
93859841528073363468078551414993925216741923561447342270268936432309240222372
81041873591074804877707300781843029368240010690241811274745388641718010053681
88885466654819713098178342580850348555703960710344408687590798921622567261666
80878008919967083772677508999880701276728870491639035267114833877353867939480
87117139412174436112722194275503589030256837365344491776248878328994766143797
89050992300348173193676337960750102080488297796136743537836992649082915967397
98763940092891984436248946176659650538667154182178340795586307150959573385995
91828338301238394746088396476324640768987114399911046139845422095581248529948
94962381203911676753455271613122949436779278081664133994141587020390679092637
99177991531764118671630849875271596316916811220740551372017010185382995877631
92628423881875152395476033108664435772702271941163554057128493779119059581777
98606285713276289183112666063950543746997825977073278729212255569734026740976
92022395179507412868341766992335317758778682104046376836872059183173510082260
89669406946613489217576970087068849757011786798536327175131741880336272784859
80484998110347052803785412796965069941561413169227565856200521170938773612828
81263726238836631685633289424087490785903370174268956783801580834103940201554
94506152194646085170356741456739400486364753655174687171221952828545039997593
80812597920695245921222670323700782771808705561730335807698713954246263663805
90815192499725926799068909895879552399484856510999184408627568105887096238454
9692735901414940378203797851522380104994478991344718133570275845237358312501
9464285383006400912025469723696791074425715195855731109137307663455873716477
85597227784382230502865900524504914173474738819056032670905299227931614313713
87131045563390355159022380999459901830427894844897288872583592663621978203352
8940441875189353799358890490547107222950000386112796408702945197645607544338
94560256160501329927861145614725192198773743641280178121476642986176350127425
9055022592653373445718912476026206116752389652903007334376283092919372679226
86984066885921570660228470398094736315483532075815186617637170353346795362257
85650052551025855742729103570140276130278525397768566878327363031921975749792
8854919692146526603846975130119163790622236715048638611337905685344919015907
88741873762183085740870635858302166304212987004122667742307811306216585412815
98336202442969324887467432552390326101455202687937102102246802139962910547394
81973744215178275364178012126903125669981259246595539220343931527832228955781
84859788151084954589804643366650623608133096350500208780494225549790551508148
8652690435404319304656483813758796920949142945986181410117128490206701451516
88601477453136516038008698803640462408087257620895383904808198391676740212839
9302967372450758435439082998880906673827391335641111947259356573761805330280
93903662702511553196440718311454989580788005973434339521497811360773756984300
96745000553211296711465688846957019093377129763192402392246575297508450346653
97581004906747679086307574066624931809357950471199242305217682762803566544173
99535874370482994294994011044759222849619788991329442867438745345110829003472
97877556372439177400628567392203262034480115406020796106447644481203278801131
94066748578224716967214685097848554296838078417118663566008458802058600284682
99646933310521183917519845924651560503304285432275460798164297101552457957500
89999875560293000372895502379337489908591072364964417981161213624101244493691
93114769086900505974495886910256218131513302298523261496968188307867833980124
87506741333135999230898406185891216822173830665094506414514559783260670849092
91970923539059028045788420370154892435138168528761940105108188112101281438542
98548150778006677487372328763079257481780713504280772854223021497248429797722
92717988065517616641284314266071147611119595610379618137206017853892704894874
87778347044272377765927258857540525348604537390099610825108522757008631326776
98382321942606814716229917083865837943003164517606439334248313467133256381164
89835386349138098245588511555363738280396024636346424613538031792306859185527
95534725740608600866309743400592143806140871572922288709841368921886919543730
98890530455475085703447983179949640494045245572933022854702570022603787536963
84532556184792408620718616082913978682302141440916484368743947096186607744485
93324160480535352571757421545616186313540158556739010277174286152095640433640
81270133646494901665005600573276723860284948743181961883437164175161795936750
95156092103831167656126044297036587680823328232385033686756486511494990479752
90783823468290478818323017465524545848407639687776291809491237452370064554551
97313115465433106094845616682544376530568369038648028352843020506547635986876
86443224758542014750031085856801178534503283652162957737120334060729179850558
9462533718951848657680398466664369798979920063033754808370898980808866084003
95590885133148898529373869432764664520741351659884153187509617983334810052949
88540591651142547285808167405641589382227789972395339228151982232317351537589
80227301500276454893025235880589252246327095220244028302109108562292546309407
85593064618006214452762693675670421494687246116809415073916590174975883180380
93777735123553186843270965443306124058863232190498470831778442730512050609064
97407243792722894484940940040429315851301334748810668923207185003203724287120
80935815021746356782236742651473216337932643480045629617064735436347207318418
90314030775772480577741306564120793179493749514195876388899820343025979835990
84899299454152057463033598275999871610132701193969928750653521518312559121520
81700463989863150242139199613171716544420284283731895735178654238985732485786
9995815877377109904527194152454560149282383064048113589274181260562187174093
99181396795617984493105843266188032856641348580290110908398150036410906815885
88252576371520296526654593940447374776005142621952211544215444539683157605418
99280297722549736109123711433662767354765832425647331054528504010096562132004
98042249477128859336618996331724135446849428785225645969936479588905032693895
93704603753290809870141869865525352008370181286052654156199911163354590735647
93035413113168909595170904113616178530585695031080811308726081870803613424987
96714493558986909773726648563548507881396720760441789193107500520821287409322
93237665431736242580329457221217174596140680065637370011401014845954537640235
81518008624157572877407982359220832380285872238198029082704908494181413839205
95781246487969842540880245675512005666820842263257673576009929591300156646033
89443829609471491772520864899954554762156877102203231659657069785505690081581
89153354207867225813450397901390454842879296759133433151449752060517775459746
97827964351621163520420595354874819462264168260828680667600362945910438820666
8245831627884998133631924789872708474335787330210131229112342001611488609277
88916172829217808905479720189465007343126677327656119441289879813843778528238
95022213387757347896628732254532775697946463573236886900995535066128264658938
98684987569172837938262765766973882274691160929962421666000693968883411158053
80747654288514245579171874821939837602613882423014621985736329619985274063058
89298096299385634139652577999514758599542630233837802079175242013786074376518
88766248906686986811583961908868578605506665445527401942036451784665651823084
86866752467866860603010365266740125399548580278523948777962417966388425523619
94237962964312680493025420318116667136353060918288710633420864517472808159817
94942499098422990619813826939814489757107919298138400625551381861599339633413
98651511283011766745377960342976497808773080980842418993390441695851138328386
98426294527078986186599492637346374976161916400569823675345666395579441706241
95816601147402031905709389382167081224186218525445098800433191354179634191248
94407537651893452283817849250915964692100566328039428168644268558634190058701
86161998298117975610588374581972648171192398261432138783797183653613721722564
84923147999693756419294367214833002601473549304197857597123784992493328407267
88334743999130333186972901289418752344072974617052383112188831611903635784799
8434721651617361975754596939142842251825140473731192242153415647982040032521
88772910803498701194487970029763916844286671795751790357022802381515107753800
94672297959368371979922850399329504869496128648825236309704633196024404892630
88672139108112443009613635077882110459226118484171449554167281177725819265697
97305895952088483385348972201243745824901937194227463640811335268521314226560
85789277834476919187543918507434741177335281487198032310591812442867947598769
87303902596277977120193414709156928485401835716068701502474374470336942306899
94019085601156431485584480243166495497252338841525427871078244114559682776898
93449338330785809181843017291065885184020508968263573009301895087929282546257
88860925446458399653612759972494022744985639895513990722345114750837190739010
93059382003148672534346146888158578838629828748218773348409571004107550050005
87839963034105184446805167747357495200880436344679892975641070515861796224736
99027065074466906660710198898626534129080294721558997272374897741720210272035
90591992570550059553965654465436077980964927058248309669496128511534161757398
98128199276398365913974645553360670951752152268923420276744096624042031880786
89736819529365886071267642797267453573592685035815155017772567050154171038266
80638038631408915053905920887134614213828111385193240374256875489567780760490
84804744898383181936112824179917619194996799288416655974622682890314889194891
99662364215885562255477506418632189646894626866534824607317648434766831040529
9868823908805519857433749853773137603540180011711061698321440123175302522458
81651909325678310480374902626946085242200815795192866981050444137424685442449
91932784544399222591080263788129823659481157351787447195619477643865489363012
84789207311106164469877729815846652596830295020281677542218098336675892095127
82680090708791472804608174025766225883941431964963000083023693448168464750171
96449985030755124907330238814865911307487837748484218671138659341112985052128
87333953779844805810991690245542470396494313050206885616562371954864808210243
80351604538582218290894824808376278424293317256820894027907131784792012389496
89516559974703725266779875754958443300457331036453090739332203859864633211538
94967774559884921300924581926520842687798213572673620894849663460807594243548
86261303286288734392592417598031217123717669960120969643997403907569886236221
95009910955757297588132706392586720739025803312543691141274819688301539211503
95225870371964326003254384295243558428124862238234248268956415550303842247797
98157763225985536018869384296460796694313356047982228324897027484593789997371
98257230897366519230984592472069022527853417580529584675891912284757373585138
87101281799326292486512973804145564657821769332142416460352121727841069023020
82712743413876745780623810087026201833371769411693338354345436930667982008736
92495297933013909553958199827537300599518801433248318013494405399102825625741
88571681218688087644513969335648624295513329593860033135298834398136834749263
83478627988132791454676922569049969865572645828308477239960611815992862972754
90081075864677241495108105387495309755639591233006609928662506137561256043921
96149600473059422457096916357556624745562587763813760342350894562887424769989
99809943530161234391834448586828052992746975468095446500571818842762601483666
94566181765724796108109444902357123981797960544879063525468211663763524061573
86569596535737528198972445433232828044119381997721935200024770561777177438151
84411371047611742703738540307648718666266705993377572150849629829233614040462
91820384845699615745058301050876051717990827931005746378789770393695125481070
81039148593237836750599855680947544451020338241593633887869249457151095667181
9821180091736832690876079374948702200779209104810332271543716816778172383962
95577979594885709596957010870812647304344307397610542213872810902175537949902
85134612606776210215998753440095363139047670216654910579672180647833541629035
80289797967982005277652670723252365325069021332747364052124576135639401128827
98796594867118313986132061078830218982934320336464494443457120205590397408130
95427848890971303142868854960199685831671232006704271477773385670401686682465
83420587317053165168119731244032976428663164590918476962639613248680229376090
92882348113868258183561390317897469973361047455286690871926836685992982451972
88833578168659093810140516812856622647876658928558824680119885424516836311082
8920682587252761543582254311908302549536419138699581995806778959029079050985
90142259625514864325497516551967876839682479538765140567229939724583041025487
89280185420450127834203612456006735336151685404922127880037996022803244503924
95733680348028385080078384394889658235747239687625833082278601275806603376535
91745589929572769337099461871558321888818404874415357782296687746621533945391
84967307833010794798227616530962155326853033724311635868602013837978796175185
91505502616171194968086634926686685538027049133863481724082108268554265800724
97760376865947390759855882002689758551330779514096099519019985543780219465856
96536704523460427110128622217912241263904425640437784346749335576516398463428
94967558928418987121770390189853503970573788374212179028906588540949674521429
8149403738795356654290734063435543747076995794165783611344105079750074611446
96168207416936781620070796510307858480968717012046370093791639623546908598745
89029017162840571925960018826735093725016825372848423882143493725227665155245
84372202213336300137506095531783172518147276200663032809830771405558862492836
90885073060113841096466097851115179729116035552754524283979799079246238787157
94836044265048057175519399136892385678708556291635784548491767205072951381806
94147765763341111217052274233307367500302585705519604325979109364870817670364
87890786488815825442207072019310611862177199720366108707349125323990903891426
83730599421185662798896323825779756732774955946632143714438392895250337740691
9439562901758200833988441215265876427443280063597756913022850269797349648066
96675032550325497816318687729821030915069123822133255470593885982521212642207
88446518941487997925632162133244623013863720147735192648284953101661851084182
80765311947896479885841096975963112950032858945245289792038599440957160948752
81404316943796881496156932453659744841778049876610481966404479775757287899516
85623448649423990630827021275730681756843615909429646218035775394260211522395
85998731863908782119433533604649895418690145510289641848429994862119169453822
91766714960668486547464085032564150713830241897571207778260404892935299144150
80735906258211205024544474232157279530573897873102331298880643326852862197940
8428204184487525912172544828171002812487480444796059713727665316413850436180
88685961148457284511964774961645589808923121745494168966482929285684209485651
8558839164751746118627697889990488456189553747779858087825357576845847170546
95594972013008064555149496493410233700734720501063576453366596826842184392892
88985813191997716172742729484359671835933521093231950128886633354900795113414
92137345518688962662281073316758932892194362102536637533564902954110885470790
96373780747556074417050490833080302355569644867414416900297292886822974132152
85823755465777448923905261138721584081137324774252490831437044579162371123861
99039673094086668674464268267276924701616172861647420217984170626655687497640
81625339773463201346323753691625688907948921131835512209094984580464563478814
90579559605737387586076753346823940214755249743277737800056181646854948650650
96918416109786460074854828952482877470350858644779083229252155638918347398382
80683316257768878565572579135841560777454363269452368048323306995295406917205
91383313073390727867779053761101879329433884583276772779658614030139134809573
90921807592425323538976113476889643329585161856301533772626575908517157393310
89305444862067791486948179981477052723845769535905786331147345245043050281068
95463568646360619809932170700551455821096148466241298185792836925839762212684
94492266317721941327060013754906452876250584246715434097750367809720258656191
8072063719359771924149375926279401300883993532673416455827350991666342637388
95896651093006908848618272415579852848770492154563158483230660017792966472832
93750744841286432266769992754348009862420408480930848750011926555238902178605
88583421200580627663735498466644935845626067386629128212964435510339549469587
8040915686245793828280425242959788810243512858208308044278361442466717486835
985617965200217782753453512132500365952650278170222792583583235814607145377
97506860975388491354355820478807786943806207529036914769676237742235847045296
81259931392804439735683932695339826335592117657724171147056994506669273532835
94084596609310108079988996359227685561715985576830511787982843603546028322117
96287676351514098837836895158884627700453411350128055855345786785840932548007
94399405778979009801630072570161021369243806858652046014725714052381592064299
83240849595069274783675041408278498122396366541510817099009678487731555807520
91417396628643879984318475893451149053810867676264462602112581371410291185374
84581387918816121637812992429306032310071057693473830904570974601140457461373
84537125900060153817812197782735565726710975895618287217252553480185124697292
90202132750836739940904013186748685960653500052513888784457604442513327208078
929184669963960064703471320177960647685560406729154484793420357399410610335
88927870937673501343855361006939139438010037890019177352208914157855074184395
87880325578000901964487512180380353135463477236700324536926171844054267092702
99885166740765287613401757101910711599790360640791731514007152898571616901645
91162750730503300274206987240428137121405972448213379592869640566835841121885
97552199904504519093736012035828391749994986719561071290861025943240566630732
98305513407071884792092380318841223019356185976322682169490007388256134514625
81788754898828965111872339991005241871071366014247307560845866969989363521112
84049437135683678586018628852766927910917926922316364855769303749526881596444
88658993401245843788503002577101085227600092036886623853838346363086568369478
97161275744523234700455365463086044936155441395958484742416198355982861173919
99665724086272952497696367394104209514005393941810306935343325325078551160997
83388579254480274591452947192085466205726579999809167241749533847043288283099
88770033047666434687635086769637820764229499397405933704285715152190031554551
9940923509536679889302346160915968586093132048931539104536389285809989871872
90379455623173331432380773552301200763394723168423205762757504582867236468525
82934157047004620447889760987188024774015038887800692780915782596213100018713
90085981204268910396342825164558696593909861734347540788062912873971666749076
95636562655771026336730096584970493706355861297574857153620708230250220997979
84029056716101303157942051385535783326814434703483748042661445626386456223020
95495885024269467833606023878945802553490940156661542026918126790687838642655
83044628653692277834277939722901118770022189684829175149746751732439619643329
99128177718207218799390957429672877250757366318944794363340963075792319080845
89654991722646923664433922202721429663152811897324459483673797784429545179608
98508238861348510085634200533114616266003515735263527197164882923623703770897
97170302139946908637576428801612907722523655110130345161437787419921038862638
86936106723110393513787247787265326954084280223872735203224750231887362031708
80886644595492991958216754830005774072451502823703558084841180877885775519256
91276288128566270603971836138568821944170867712302595610804769142915118413902
93521654308371209079804404773543772201816896604257792790989578986487938988573
91544514512509620656158655885972287530229116089812659702663657903453793000856
85062779445790831389770899232718382757002699625446921178211654375638178529762
99062673209176729820848237381178452469304072893415180298424832147247007114890
90245338710731710333233936296035620260709974869661371726634726886753376448739
89125735247217459759570591633989894588053546127912416995978645424699949026709
87433792191295109710108181136669423196037891377873884895129910912798047526452
86647875961824477797664355068345255031138512020917555134166713033687758969231
88062259043602242061156607785777835924723714576043220151278803734966910550096
8565056295493691414065208958740649711585388196674333148571700669793614500373
84852705521922405076976513106688254689530492391554187322986641947584449342020
85134663418503879297000092567833854242878280457815476334788365165962244758482
87529382420727997035774431466514696937103724401380541948949402655901979222641
8434853202447287033000274451492389732685663256063497175350232970787827818822
99313586824675579334692273567528347016729433288433823011133752401533686037704
81475151676609281538284746294040241451167911227406364164885512645949108749200
98760537163447068177069033329704705989994871901975426077379118291171116352574
87699375148591275005984346496743030155311456352413978598399608341845558295106
85122083586485909088551485240719883117956873782454709896830236598210363847832
91666715802942370765567679188315415718431334253278236797949134265567136364775
9780694428529613124952535501280122880585601987240887828185470315199259639954
89174590622389353168767160970071206793280767920074805202362203603584049823788
99471829981168678554821696517366623272749538829369578864822984373419620885892
8511040906228353014549024391872746378479937547996932250655475135340730816606
91668811972106421901250522152751912661731849457666325546501197307326784715993
88391042604035899265070392420963142669524783747935219879285638278146993935974
85081561829297849226691403233563511316961275950773539397309503307599992323113
8001807491880246467613571545985530271371930550694836052421378864189891935027
98289791317152857963392572142566770282730180953897148323400586366428642864318
81397762023648267489853624864323631155648074538607289639284065814896068191060
97189544162239444036925875414355082803505134099495812843752488539686558720677
94270396134284693178613050920678051816009384380100185711679648016569376589515
80668776726325925350186984776791334953755046800498993010873864103267899041268
94559886978999996774143508001831724467712991256629522171126296077938326268116
99245825672635348378619211478738499193270605732507186322219743220644500488705
96233292322305577819693770795705733340841218995579592276814825910098176904861
92992889949189435987126501096594877883610184831869698674247815869699371220488
9111959171602190862495573849641653624811739933632445589985201344775696776131
92348916067333113145255755914828803162130381196588302090607380835283973846445
81778406349946258350722130287596807094132622629857765640427244982123136926183
92649981913165464341818228985995466689435967480345438471190147531125225710099
83761370578949137063650938222214247614333229983340223402685720218203979664293
8033248277923893319819850026565942294773845938220753161741806331031137689878
84433679965060363280579692613284412227388936170527477239875793753092914310950
97224550891293275397150040356082098262524333216837110861590339073140557473821
82052391740021490433071214910772750288656936156396111517745953892994328049919
87346565108922801562323619014509063955852480255830596495262317511820487083078
93796941398488857368955173835452693277460777826291041629895831888002454430354
93519184075427669381099871424876245976254590480794769129664189145876356303714
90807189542279841795588424589432213521229592420853955537607303260387790377875
98654279375443258402380588765469052713619046198577099214691754491067044045829
98509077791048035891313019229764024536490150157506182676111078945691355964194
96879136918704105879815658225440894116827419052043217705318349380276595845131
94285040482791924002624095909962270757578374073505591329945714576765485940461
94325504744759725118819345863994463531865908866535972443740231986117300703346
90524195478546887069286831421212471784982354292753639358020542239702829454991
98363975833861727012370330354486794623508477111678712333637288291965440253154
89066966807718633853365989850108026129798615222872272714375609475296957080512
96785272832199353427263027906874533888304728773424005579623198495805461833106
89457217213096241698344133229834308052029726338135953355608118717630573235041
98094972213141513826019579905887245606021853749942809007589656807267239143308
98635461022256339647926343747904585995649383151937982348367418097880723722973
93930528706183483004240326592985124911174832444959236581649030594852330555295
9398315625794065777692982608519278579520727623735490125503267256042290114796
8090192073501051179121307999432958616115259550853782617733759913424263808048
93027382540948441824166443461913027948066625216923354282008457271134845153598
87826836519246425937353799841314638999083899661586688915765717696833979979336
87057300334251157057458787485285168550163345267207144242889537566893345989965
83326896351474348766878023721954783292885877463392266853898117647082579266722
92592391911974819363898120362222096571485893594625137096174344596994507388105
93494788334770480717106136172804037250708723571904458116525031582825416347237
91965229657904686493521577815331479760009521086535106041305544843690206828001
92082516646687421723549796461253410593860188952536301288724977877720294834887
80063898753710463893759379016976733458665622167618334523496235314862792075026
81623921612186185366082220000205975573045266544118255670793033037941795483443
8495524556330019952209442929281354923962295325601518771933786074908905779809
99592634030554619292467962076141059914029151232204247224967785201442291034397
93415805627734660094797630595261893743884755937148631679232038217213224462105
87636882964122736830277885392252775531092655522676785968272955685031567534013
8862012331238406696511837716518632866969962076120779149187506888881549176892
93755456534253779728076217750973693917178480061334279234268902845879527545933
96973699738839870366944808460325262996503459119572208239977748728285491795834
80266479754644803613782035883741970511317805480780663747367014714120112181961
96600496918339220007257198674281881540018663166502171042209339229453779701905
92401960797997575517947818893774823374922800728924323338712834109157463133033
83671328066482402523231970665815846642335274565321234765139140977253242784265
97343887182379647007833530303761859703531405643870459325362189721574524063644
95286606392637785477610729724113064093878855289620559013326227299137429757826
9003975076990582273067572642859598882149750465504437952415315330224726042064
94493124959551107540468115266381967722029159734247469858352689317011983659879
97839360692279589318913152414860197337044560697097790499338595177159109017685
88736422717148100443233149647863457194956515521325789712709661581399101274308
93111895287482562588766575817097393015988096442952044822982233907753872223448
99344300573238995258533698832106823921963511459798334936059185732208856004541
95309266318690560527599840282621343675308647871706298561825882072252446918617
92682543626809293205226664204595071309967486194409821800082549007531595995740
88871572122783830939306446264914280077657509841081818308326009167671208635918
81026643210051959555122386474685779589354815295603649489557334002173310623533
